1, [file]locate 847. 5. 173. 352. 177. 763. 0. 0.;
2, [preset]locate 847. 358. 173. 62. 177. 0. 0. 0.;
3, [time]locate 847. 455. 173. 84. 177. 0. 0. 0.;
4, 2[ch]locate 5. 5. 840. 78. 0. 0. 0. 0.;
5, 3[ch]locate 5. 81. 840. 78. 0. 0. 0. 0.;
6, 4[ch]locate 5. 157. 840. 78. 0. 0. 0. 0.;
7, 5[ch]locate 5. 233. 840. 78. 0. 0. 0. 0.;
8, 6[ch]locate 5. 309. 840. 78. 0. 0. 0. 0.;
9, 7[ch]locate 5. 385. 840. 78. 0. 0. 0. 0.;
10, 8[ch]locate 5. 461. 840. 78. 0. 0. 0. 0.;
11, [rec]locate 3. 540. 155. 226. 0. 0. 0. 0.;
12, 1[grp]locate 160. 542. 53. 222. 0. 0. 0. 0.;
13, 2[grp]locate 215. 542. 53. 222. 0. 0. 0. 0.;
14, 3[grp]locate 270. 542. 53. 222. 0. 0. 0. 0.;
15, 4[grp]locate 325. 542. 53. 222. 0. 0. 0. 0.;
16, [delay]locate 379. 541. 207. 225. 0. 0. 0. 0.;
17, [dac]locate 589. 541. 54. 225. 0. 0. 0. 0.;
18, [tabs]locate 646. 542. 373. 222. 0. 0. 0. 0.;
19, [global]locate 647. 562. 371. 201. 0. 0. 0. 0.;
20, [load]locate 964. 420. 55. 33. 0. 0. 0. 0.;
21, [resave]locate 904. 420. 59. 33. 0. 0. 0. 0.;
22, [save]locate 848. 420. 55. 33. 0. 0. 0. 0.;
